# Frame list with one line of data per frame:
#   FRAME_ID, RIG_ID, RIG_FROM_WORLD[QW, QX, QY, QZ, TX, TY, TZ], NUM_DATA_IDS, DATA_IDS[] as (SENSOR_TYPE, SENSOR_ID, DATA_ID)
# Number of frames: 11
4 1 0.81984170137851042 -0.0052689661254427533 0.55518069742886034 0.14002219780864278 -3.192176114628833 0.095924944439801541 -0.44236120576420296 1 CAMERA 1 4
5 1 0.9355324297373977 -0.010388769609418385 0.33937610120087569 0.097442333250680344 -1.2780008548718951 -0.18609717077606328 1.365680196520161 1 CAMERA 1 5
6 1 0.99953032369173089 -0.017751261686133318 -0.023299622939872557 0.0090084571439201459 0.56829482813747834 0.31877807631344618 0.89790597128253591 1 CAMERA 1 6
7 1 0.9267047067355807 -0.011835900518414242 -0.36795593761664841 -0.075410383540284967 0.89107337386032726 -0.62585965006462896 4.4620161097002002 1 CAMERA 1 7
13 1 0.92947286320770006 0.19661754426999978 -0.29205213412154457 -0.11012397014622302 3.0606263954152415 -4.221416847165778 5.6673398907610766 1 CAMERA 1 13
14 1 0.93800425055344894 0.20807566895455384 0.24258821595699853 0.13417711955314263 4.2855160765596612 -0.73097341430371854 0.61023729428525442 1 CAMERA 1 14
15 1 0.77561857576255877 0.16487939131723164 0.54743797979386255 0.26747386700411235 1.4793056359721002 -1.5551677915132722 1.4402659658719539 1 CAMERA 1 15
19 1 0.5844757658787666 0.19839860727632216 0.64175191570022894 0.45517090243811875 -6.024789403637353 -1.9461874103316839 -0.79314577595702318 1 CAMERA 1 19
20 1 0.88674307668946784 0.17519723062179576 0.37460940491206568 0.20654403907442606 -5.0508467724303481 -0.34082458987234943 -1.62445751282037 1 CAMERA 1 20
21 1 0.9969018492666496 -0.0058386009323613012 0.074552560767188539 0.02438297256163709 -4.3292996822384824 0.574656302644727 -0.77177997378988883 1 CAMERA 1 21
22 1 0.96516724752069172 -0.11371465862713845 -0.23367265902058659 -0.030302626171570028 -1.3631195133238918 1.0960943133122532 -0.13702907039194989 1 CAMERA 1 22
