# Frame list with one line of data per frame:
#   FRAME_ID, RIG_ID, RIG_FROM_WORLD[QW, QX, QY, QZ, TX, TY, TZ], NUM_DATA_IDS, DATA_IDS[] as (SENSOR_TYPE, SENSOR_ID, DATA_ID)
# Number of frames: 46
1 1 0.93583154235528421 -0.071053397076557584 -0.3388243081270943 -0.066097105224109637 1.83617018979719 2.8382651913315309 0.46251918794709945 1 CAMERA 1 1
2 1 0.95125442274130301 -0.079358296097073622 -0.29609145818195254 -0.033869343769325787 0.28727740805230906 2.9657484768720157 -0.11672891422905386 1 CAMERA 1 2
3 1 0.95272738050996075 -0.12093714263535414 -0.27871983324071908 2.2717622048746486e-05 -1.0692381098621715 2.4834737230203987 -0.43674782011596824 1 CAMERA 1 3
4 1 0.96144257835003522 -0.1493960368775627 -0.22958907582864052 -0.024450950105566572 0.93550758225049824 1.6819240004351701 -1.4944763983581608 1 CAMERA 1 4
5 1 0.94527882254403006 -0.062938236378534879 -0.31423989077276149 -0.061155679200338237 1.8705049546341992 0.66693250697556028 -0.31976276266211906 1 CAMERA 1 5
6 1 0.96055623191467776 -0.14654938237568418 -0.23589109133477568 -0.014505064083618581 -1.1626281022048075 1.5996519784239942 -0.96229688865930663 1 CAMERA 1 6
7 1 0.99781067022471104 -0.051339999604416535 0.041281186510384267 -0.0058253297439957389 -3.7319386141816442 0.31311088555808514 0.6142817663456801 1 CAMERA 1 7
8 1 0.99327040428827629 0.058948216238267168 -0.096026839832970376 -0.026792868435907096 -1.6625960659440477 -1.4594388610896338 -0.016436249907611541 1 CAMERA 1 8
9 1 0.9967370413926272 -0.05127877745634514 -0.062314461110413194 0.0016325547383106364 -2.9551026670658711 0.23491943170543722 0.094283878772901425 1 CAMERA 1 9
10 1 0.94124651654520008 0.010237789931707941 -0.32871224045546277 -0.076801339334615193 1.421657258724097 -1.9848656392898194 -0.19021229323779945 1 CAMERA 1 10
11 1 0.99992876883669302 -0.0033832697839784815 -0.010543584735257775 0.0044546110082175974 -1.2342397757665464 0.45065855904954083 -0.014346763556339345 1 CAMERA 1 11
12 1 0.97325474513313537 -0.058168245773987597 -0.22046240643801782 -0.028071045704979484 -0.42087696697071353 0.62419750602391244 -0.5457545696988807 1 CAMERA 1 12
13 1 0.97037366509919476 0.008941353475810071 -0.23031219813001894 -0.072465810369410369 -0.080629869045892325 0.075638937955982505 -0.29415209831836964 1 CAMERA 1 13
14 1 0.91426278250448267 0.01643579663330607 -0.39162803416851288 -0.10237632523926468 1.8480097459318074 -0.14474658472497881 0.69851975232003316 1 CAMERA 1 14
15 1 0.99532206899342246 -0.055876943155790157 -0.077964036349477392 0.011547953685175676 -1.8268749429884332 1.0446019872469798 -0.056713513875481313 1 CAMERA 1 15
16 1 0.95946450547189266 0.044608832334413089 -0.27177250316585294 -0.059813220447518911 0.07744699359641434 -1.5866738827406635 -0.55647674213434317 1 CAMERA 1 16
17 1 0.99665883493034546 0.04927977866959226 -0.037069793503379911 -0.053558384770073637 -3.6282223056567986 -3.5142614495008582 0.40276713397358493 1 CAMERA 1 17
18 1 0.99773559514039956 0.039012323309628158 -0.037786024897308333 -0.039672876657457071 -3.5945960928860985 -1.646951637117213 1.3155624918236002 1 CAMERA 1 18
19 1 0.89245663022093868 -0.068418336659114426 -0.43945526917961047 -0.075625133214843432 2.7953443862540834 0.43433265816736522 2.585011336281493 1 CAMERA 1 19
20 1 0.8727763520302505 -0.0035799430224249494 -0.47549605080197838 -0.11023669541693809 3.2951336459998366 -1.1484009143858052 2.2380956444799383 1 CAMERA 1 20
21 1 0.99240895435592247 0.060737533725024939 -0.097930860024910735 -0.042953067014679755 -1.0978440541675074 -3.0974652842018906 -0.75814677714735212 1 CAMERA 1 21
22 1 0.87755760374453184 0.047644570242971744 -0.45358161690558579 -0.1479404063866 3.095126285200176 -2.9586967502839219 1.3497120583782412 1 CAMERA 1 22
23 1 0.95169172500483856 -0.058323069400875539 -0.29809979297355083 -0.04491985710241525 0.82470864668373023 0.58671662880938491 2.4641253787076511 1 CAMERA 1 23
24 1 0.93724917271501351 0.05571667893326171 -0.32773818779927782 -0.1051062328870946 1.5256851397187292 -2.8846716824988197 0.19722765731290512 1 CAMERA 1 24
25 1 0.97504302249391039 -0.1015395480358367 -0.19725855374006371 -0.0083598712308350365 -0.25560083133521116 1.4883831682092539 2.6058019564006529 1 CAMERA 1 25
26 1 0.9955604088728025 -0.06546651838528264 -0.067624385334877274 0.00074146045619228414 -2.3561831440617804 0.19523038658496925 3.311488043266396 1 CAMERA 1 26
27 1 0.99006491964726695 -0.1035632424001615 -0.091432345383416644 0.026196105151409719 -2.3203987312586301 1.0516626369757127 3.3634785927235198 1 CAMERA 1 27
28 1 0.98123284437110947 -0.056665877236856822 -0.18271677318316051 -0.024200501686808852 -0.99446702127089925 0.3969694365626103 2.5079847737680376 1 CAMERA 1 28
29 1 0.91407545662570922 -0.05707293191884167 -0.39484849017920037 -0.072824514003833149 2.2819963170260711 -4.7798510917426764 2.8106503512688334 1 CAMERA 1 29
30 1 0.92427860825079888 0.12106825169886409 -0.33973605826330205 -0.12502377164467943 2.6925648836171359 -2.9137721112293242 2.2155110635763426 1 CAMERA 1 30
31 1 0.94737724615909513 -0.022107655133783561 -0.31040813541966988 -0.075062603936839598 1.5775511628279855 -0.35716983227519777 3.1520666000233133 1 CAMERA 1 31
32 1 0.95014192679998288 -0.071791968938965098 -0.2981874079244311 -0.056218341206334253 0.25699950560421031 -3.9379261915518682 1.7007519498748545 1 CAMERA 1 32
33 1 0.84224791683299005 -0.14900024110849155 -0.5179575791441654 -0.011718402076045051 3.7131909131040217 0.27845586808959594 1.8929480576541304 1 CAMERA 1 33
34 1 0.98195243544287703 -0.016811201049050224 -0.18794958735964729 -0.012718123227473338 -1.3578398540619614 -3.7830042168873153 1.5359793315745294 1 CAMERA 1 34
35 1 0.86647267491744939 0.11027788248207948 -0.46063487921014851 -0.15773205226497397 3.923932357136104 -1.3279584936956974 1.0927612446399297 1 CAMERA 1 35
36 1 0.80056536177559456 -0.088700718119459634 -0.58740474391328845 -0.078631742689372439 3.4326723474016858 0.19870839842423713 2.3864562666257569 1 CAMERA 1 36
37 1 0.97501140184968227 -0.037936151848192851 -0.21877412221462447 0.0071762173384655962 -1.240686310182753 -1.3895079535479353 -0.80938826965186306 1 CAMERA 1 37
38 1 0.98021185157779123 -0.031974499673590111 -0.19530337984900123 -0.0043528400635257586 -1.0088661790342748 2.9033118856763815 1.0592713862361118 1 CAMERA 1 38
39 1 0.97579577737541112 -0.073695981191011992 -0.20589173769836785 -0.00030912806025596616 -1.8696453285194468 1.8500806979298192 0.51322273413162556 1 CAMERA 1 39
40 1 0.9703953005735042 -0.11370466597478915 -0.21132353105666463 -0.027323520676569325 -0.14491573614364109 0.55590339574111813 -0.71351374195429529 1 CAMERA 1 40
41 1 0.98196065999132143 -0.14358692491136327 0.12302806701651235 -0.00038980775734654322 -4.3848618419387861 2.2994247216841215 -0.12131985208642128 1 CAMERA 1 41
42 1 0.96160139917184106 -0.010801529245947159 -0.2671137081716658 -0.062099460412219532 1.5161614657490896 -0.70107401740993125 -2.0005354764440155 1 CAMERA 1 42
43 1 0.99408386656304903 0.072697738077791743 0.074989772072150115 0.029813406413861564 -4.3024230996146988 0.65975308187635107 -0.31675031325607039 1 CAMERA 1 43
44 1 0.98964380567888721 0.095787574438876907 0.055106862554267139 0.091613929966739074 -3.8445857181991676 -1.3972020613275828 -0.63519483149807976 1 CAMERA 1 44
45 1 0.99491964926213772 -0.020444326601852077 0.097887366529153336 0.011618282828755742 -4.3364938313112029 1.5448997919181027 -0.091171059948079253 1 CAMERA 1 45
46 1 0.96509598986317124 -0.091178302031986111 -0.24314424424492903 -0.034016526559187042 0.13229815784295632 0.58567678395778244 0.54305480192581457 1 CAMERA 1 46
